-54377.338 0.998770130025 0.0
-54318.48924 0.999727820281 0.0
-54259.64048 0.999489732944 0.0
-54200.79172 0.997033844623 0.0
-54141.94296 0.997317353927 0.0
-54083.0942 0.999507312363 0.0
-54024.24544 0.999633129597 0.0
-53965.39668 0.999385112856 0.0
-53906.54792 0.997236892664 0.0
-53847.69916 0.997046565904 0.0
-53788.8504 0.999289796164 0.0
-53730.00164 1.00001028221 0.0
-53671.15288 0.997895569297 0.0
-53612.30412 0.99623774676 0.0
-53553.45536 0.996851643932 0.0
-53494.6066 0.999099878985 0.0
-53435.75784 0.998388929368 0.0
-53376.90908 0.997420929422 0.0
-53318.06032 0.99921209291 0.0
-53259.21156 0.999309502986 0.0
-53200.3628 1.0006260324 0.0
-53141.51404 1.00090397142 0.0
-53082.66528 0.998759002916 0.0
-53023.81652 0.997160124666 0.0
-52964.96776 0.99820192476 0.0
-52906.119 0.997076350811 0.0
-52847.27024 0.996302763113 0.0
-52788.42148 0.997476117124 0.0
-52729.57272 0.997165954785 0.0
-52670.72396 0.997448779024 0.0
-52611.8752 0.998817191377 0.0
-52553.02644 1.00005379014 0.0
-52494.17768 0.998972716542 0.0
-52435.32892 0.997187879171 0.0
-52376.48016 0.997539061558 0.0
-52317.6314 0.998822804503 0.0
-52258.78264 0.997628287007 0.0
-52199.93388 0.996702580708 0.0
-52141.08512 0.998567581427 0.0
-52082.23636 0.998794434098 0.0
-52023.3876 0.99701642833 0.0
-51964.53884 0.9966825531 0.0
-51905.69008 0.996737737178 0.0
-51846.84132 0.996507362121 0.0
-51787.99256 0.995689821158 0.0
-51729.1438 0.99687147421 0.0
-51670.29504 1.00067744797 0.0
-51611.44628 0.999285626537 0.0
-51552.59752 0.998269772009 0.0
-51493.74876 0.998584254357 0.0
-51434.9 0.997679892738 0.0
-51376.05124 0.995641748789 0.0
-51317.20248 0.995940488348 0.0
-51258.35372 0.998438927093 0.0
-51199.50496 0.996442066317 0.0
-51140.6562 0.998864934533 0.0
-51081.80744 0.999971361767 0.0
-51022.95868 0.997826469626 0.0
-50964.10992 0.998419221453 0.0
-50905.26116 0.998252448014 0.0
-50846.4124 0.998830212314 0.0
-50787.56364 0.999255627098 0.0
-50728.71488 0.998179940656 0.0
-50669.86612 0.99724987341 0.0
-50611.01736 0.997715614974 0.0
-50552.1686 0.997326951781 0.0
-50493.31984 0.998131300601 0.0
-50434.47108 0.998614342813 0.0
-50375.62232 0.9975460757 0.0
-50316.77356 0.999395073803 0.0
-50257.9248 1.00053271387 0.0
-50199.07604 0.99913321134 0.0
-50140.22728 0.999772147923 0.0
-50081.37852 1.00076378396 0.0
-50022.52976 0.998399602231 0.0
-49963.681 0.997737099084 0.0
-49904.83224 0.997867182819 0.0
-49845.98348 0.997951181774 0.0
-49787.13472 0.996804642182 0.0
-49728.28596 0.994974788291 0.0
-49669.4372 0.995695681084 0.0
-49610.58844 0.995840266139 0.0
-49551.73968 0.994889790259 0.0
-49492.89092 0.997214368558 0.0
-49434.04216 0.998556653036 0.0
-49375.1934 0.998845871361 0.0
-49316.34464 1.00038013129 0.0
-49257.49588 0.997922212582 0.0
-49198.64712 0.996363393105 0.0
-49139.79836 0.996327693485 0.0
-49080.9496 0.994898026717 0.0
-49022.10084 0.995246183901 0.0
-48963.25208 0.995650396298 0.0
-48904.40332 0.997806719983 0.0
-48845.55456 0.998423895195 0.0
-48786.7058 0.996607689554 0.0
-48727.85704 0.997976528358 0.0
-48669.00828 0.998819488604 0.0
-48610.15952 0.998630871629 0.0
-48551.31076 0.997815794481 0.0
-48492.462 0.997871926072 0.0
-48433.61324 0.998956524985 0.0
-48374.76448 0.997763920658 0.0
-48315.91572 0.996892548773 0.0
-48257.06696 0.997093035661 0.0
-48198.2182 0.994968430895 0.0
-48139.36944 0.994579238681 0.0
-48080.52068 0.995174633332 0.0
-48021.67192 0.99380000009 0.0
-47962.82316 0.99558835602 0.0
-47903.9744 0.997651273506 0.0
-47845.12564 0.998217454153 0.0
-47786.27688 1.0004472162 0.0
-47727.42812 1.00106348833 0.0
-47668.57936 0.999864896194 0.0
-47609.7306 0.998064105347 0.0
-47550.88184 0.998099167375 0.0
-47492.03308 0.998666774988 0.0
-47433.18432 1.00013840685 0.0
-47374.33556 0.998862233518 0.0
-47315.4868 0.996790438771 0.0
-47256.63804 0.99859651778 0.0
-47197.78928 0.999988301977 0.0
-47138.94052 0.998498442642 0.0
-47080.09176 0.997115094251 0.0
-47021.243 0.998536943027 0.0
-46962.39424 0.997586371713 0.0
-46903.54548 0.994977683544 0.0
-46844.69672 0.996751154488 0.0
-46785.84796 0.998884813609 0.0
-46726.9992 0.99863217163 0.0
-46668.15044 0.998061022391 0.0
-46609.30168 0.998342415619 0.0
-46550.45292 0.998490664521 0.0
-46491.60416 0.999117900474 0.0
-46432.7554 0.999194663393 0.0
-46373.90664 0.996895165918 0.0
-46315.05788 0.998630446538 0.0
-46256.20912 0.999438297558 0.0
-46197.36036 0.999629151524 0.0
-46138.5116 0.998616544645 0.0
-46079.66284 0.998820544494 0.0
-46020.81408 1.00053292687 0.0
-45961.96532 1.00113972544 0.0
-45903.11656 1.00044791392 0.0
-45844.2678 0.997340675882 0.0
-45785.41904 0.998638973928 0.0
-45726.57028 0.999655815445 0.0
-45667.72152 0.9984116482 0.0
-45608.87276 0.996749669984 0.0
-45550.024 0.995978337483 0.0
-45491.17524 0.997787943922 0.0
-45432.32648 1.00076652935 0.0
-45373.47772 1.00129944694 0.0
-45314.62896 1.00032146851 0.0
-45255.7802 0.998882449019 0.0
-45196.93144 0.998263734968 0.0
-45138.08268 0.998007104824 0.0
-45079.23392 0.997701581758 0.0
-45020.38516 0.999558900248 0.0
-44961.5364 0.997389261485 0.0
-44902.68764 0.995632732781 0.0
-44843.83888 0.997767683698 0.0
-44784.99012 0.998038543858 0.0
-44726.14136 0.997362489072 0.0
-44667.2926 0.996391177232 0.0
-44608.44384 0.997168141637 0.0
-44549.59508 1.00013417737 0.0
-44490.74632 1.00019531514 0.0
-44431.89756 0.999952268179 0.0
-44373.0488 0.998985179073 0.0
-44314.20004 0.996097465027 0.0
-44255.35128 0.994859097718 0.0
-44196.50252 0.99300922227 0.0
-44137.65376 0.99379676165 0.0
-44078.805 0.998687013908 0.0
-44019.95624 0.998594463764 0.0
-43961.10748 0.997318172404 0.0
-43902.25872 0.996118619454 0.0
-43843.40996 0.998714597793 0.0
-43784.5612 1.00114004485 0.0
-43725.71244 0.999022866835 0.0
-43666.86368 1.0013274032 0.0
-43608.01492 0.999691745203 0.0
-43549.16616 0.997143449839 0.0
-43490.3174 0.996840027201 0.0
-43431.46864 0.99535012391 0.0
-43372.61988 0.996092078057 0.0
-43313.77112 0.997196864966 0.0
-43254.92236 0.996876591217 0.0
-43196.0736 0.997141349409 0.0
-43137.22484 0.996781885374 0.0
-43078.37608 0.997661316862 0.0
-43019.52732 0.999438245522 0.0
-42960.67856 1.00016540929 0.0
-42901.8298 1.00200609475 0.0
-42842.98104 1.00223110897 0.0
-42784.13228 1.00086472421 0.0
-42725.28352 0.998689144627 0.0
-42666.43476 0.998156685228 0.0
-42607.586 0.997330047335 0.0
-42548.73724 0.994508564643 0.0
-42489.88848 0.995109046317 0.0
-42431.03972 0.997721608344 0.0
-42372.19096 0.999100838971 0.0
-42313.3422 0.999178395311 0.0
-42254.49344 0.999408464883 0.0
-42195.64468 0.999738389987 0.0
-42136.79592 1.00067842881 0.0
-42077.94716 1.00209148878 0.0
-42019.0984 1.00225840897 0.0
-41960.24964 1.00264402714 0.0
-41901.40088 1.00327297816 0.0
-41842.55212 1.00186651654 0.0
-41783.70336 0.998556174683 0.0
-41724.8546 0.997513987235 0.0
-41666.00584 0.997925937978 0.0
-41607.15708 0.998076341237 0.0
-41548.30832 0.996852444513 0.0
-41489.45956 0.996415626118 0.0
-41430.6108 0.999040050438 0.0
-41371.76204 1.00055643645 0.0
-41312.91328 0.999826705881 0.0
-41254.06452 1.00122577942 0.0
-41195.21576 1.00021714525 0.0
-41136.367 1.00019195476 0.0
-41077.51824 1.00191057042 0.0
-41018.66948 1.00109823632 0.0
-40959.82072 0.999643458358 0.0
-40900.97196 0.998688516793 0.0
-40842.1232 0.999877259285 0.0
-40783.27444 0.998677600301 0.0
-40724.42568 0.996785110023 0.0
-40665.57692 0.99610588751 0.0
-40606.72816 0.996068685203 0.0
-40547.8794 0.995674927355 0.0
-40489.03064 0.995467321663 0.0
-40430.18188 0.996355904707 0.0
-40371.33312 0.999466422705 0.0
-40312.48436 1.00143766127 0.0
-40253.6356 1.0005824598 0.0
-40194.78684 0.999671335992 0.0
-40135.93808 0.999878026068 0.0
-40077.08932 0.999257343024 0.0
-40018.24056 0.998886869821 0.0
-39959.3918 1.00037651459 0.0
-39900.54304 1.00002645101 0.0
-39841.69428 0.99772969155 0.0
-39782.84552 0.996697696614 0.0
-39723.99676 0.997150686146 0.0
-39665.148 0.998573791386 0.0
-39606.29924 0.998254133628 0.0
-39547.45048 0.998432739268 0.0
-39488.60172 1.00043595811 0.0
-39429.75296 0.999399788144 0.0
-39370.9042 1.00011333448 0.0
-39312.05544 1.00114998102 0.0
-39253.20668 1.00142119996 0.0
-39194.35792 1.00022940459 0.0
-39135.50916 0.998771903096 0.0
-39076.6604 0.996177397619 0.0
-39017.81164 0.994313208819 0.0
-38958.96288 0.99717461715 0.0
-38900.11412 0.996244782421 0.0
-38841.26536 0.994343406467 0.0
-38782.4166 0.995064052754 0.0
-38723.56784 0.995588109051 0.0
-38664.71908 0.99723189503 0.0
-38605.87032 0.997025321697 0.0
-38547.02156 0.997945086665 0.0
-38488.1728 1.00072375608 0.0
-38429.32404 1.0012401142 0.0
-38370.47528 0.998995995023 0.0
-38311.62652 0.996880831697 0.0
-38252.77776 0.997114360594 0.0
-38193.929 0.995990753215 0.0
-38135.08024 0.996487561955 0.0
-38076.23148 0.998340739202 0.0
-38017.38272 0.999042270268 0.0
-37958.53396 0.99466369927 0.0
-37899.6852 0.994211127344 0.0
-37840.83644 1.00131124757 0.0
-37781.98768 1.00319192386 0.0
-37723.13892 0.999357447621 0.0
-37664.29016 0.999773636097 0.0
-37605.4414 1.00322317775 0.0
-37546.59264 1.0010239029 0.0
-37487.74388 0.996301054799 0.0
-37428.89512 0.993666662208 0.0
-37370.04636 0.995209361789 0.0
-37311.1976 0.995227264581 0.0
-37252.34884 0.99364024896 0.0
-37193.50008 0.993830213041 0.0
-37134.65132 0.996834823823 0.0
-37075.80256 0.998310520028 0.0
-37016.9538 0.994973482515 0.0
-36958.10504 0.994978674154 0.0
-36899.25628 0.998244433349 0.0
-36840.40752 0.997655654829 0.0
-36781.55876 0.996567579895 0.0
-36722.71 0.996699879433 0.0
-36663.86124 0.998163342838 0.0
-36605.01248 1.00134459062 0.0
-36546.16372 1.00036748248 0.0
-36487.31496 0.998021373439 0.0
-36428.4662 0.998408299037 0.0
-36369.61744 0.998017299619 0.0
-36310.76868 0.997468367578 0.0
-36251.91992 0.996187501075 0.0
-36193.07116 0.99410295707 0.0
-36134.2224 0.995141106963 0.0
-36075.37364 0.994910644517 0.0
-36016.52488 0.99838098645 0.0
-35957.67612 1.00019872198 0.0
-35898.82736 0.999883893706 0.0
-35839.9786 0.998037436673 0.0
-35781.12984 0.996757176026 0.0
-35722.28108 0.998608923574 0.0
-35663.43232 0.996343613061 0.0
-35604.58356 0.997096062015 0.0
-35545.7348 0.999173404454 0.0
-35486.88604 0.999254783993 0.0
-35428.03728 0.998187761865 0.0
-35369.18852 0.998248159675 0.0
-35310.33976 0.999358290042 0.0
-35251.491 0.999364231904 0.0
-35192.64224 0.996500020985 0.0
-35133.79348 0.994125838837 0.0
-35074.94472 0.995688684958 0.0
-35016.09596 0.997464108429 0.0
-34957.2472 0.997952516017 0.0
-34898.39844 0.998884553287 0.0
-34839.54968 0.998552777988 0.0
-34780.70092 0.99968813971 0.0
-34721.85216 0.99870250772 0.0
-34663.0034 0.996829474621 0.0
-34604.15464 0.99657647413 0.0
-34545.30588 0.99494657612 0.0
-34486.45712 0.996273195548 0.0
-34427.60836 0.997179763083 0.0
-34368.7596 0.996099469895 0.0
-34309.91084 0.997123193462 0.0
-34251.06208 0.998440861049 0.0
-34192.21332 0.999350622042 0.0
-34133.36456 0.999666162444 0.0
-34074.5158 1.00040014611 0.0
-34015.66704 1.00032012074 0.0
-33956.81828 0.996290846936 0.0
-33897.96952 0.995797648652 0.0
-33839.12076 0.996858084841 0.0
-33780.272 0.99536885225 0.0
-33721.42324 0.993553453451 0.0
-33662.57448 0.994052125425 0.0
-33603.72572 0.994931843725 0.0
-33544.87696 0.997150764384 0.0
-33486.0282 0.998319185586 0.0
-33427.17944 0.995626087903 0.0
-33368.33068 0.995211389678 0.0
-33309.48192 0.995834704179 0.0
-33250.63316 0.996382830208 0.0
-33191.7844 0.997741170608 0.0
-33132.93564 0.99630919121 0.0
-33074.08688 0.995838281116 0.0
-33015.23812 0.999115929241 0.0
-32956.38936 0.997231921547 0.0
-32897.5406 0.99666953347 0.0
-32838.69184 1.00060489995 0.0
-32779.84308 1.00021338817 0.0
-32720.99432 0.999298074218 0.0
-32662.14556 0.998496535894 0.0
-32603.2968 0.998665600285 0.0
-32544.44804 0.999369030386 0.0
-32485.59928 0.99779899668 0.0
-32426.75052 0.998720848321 0.0
-32367.90176 0.998685284106 0.0
-32309.053 0.996971070369 0.0
-32250.20424 0.99760578807 0.0
-32191.35548 0.996989382749 0.0
-32132.50672 0.996857300866 0.0
-32073.65796 0.997374493597 0.0
-32014.8092 0.996665644971 0.0
-31955.96044 0.995815293901 0.0
-31897.11168 0.996111797708 0.0
-31838.26292 0.998268670171 0.0
-31779.41416 0.997957871183 0.0
-31720.5654 0.99680957284 0.0
-31661.71664 0.999148950205 0.0
-31602.86788 0.999633529508 0.0
-31544.01912 0.99997862749 0.0
-31485.17036 1.00118502272 0.0
-31426.3216 0.999420854203 0.0
-31367.47284 0.998717784422 0.0
-31308.62408 0.99911270957 0.0
-31249.77532 0.999459873031 0.0
-31190.92656 0.998546949586 0.0
-31132.0778 0.996287526397 0.0
-31073.22904 0.998091749996 0.0
-31014.38028 0.996981182233 0.0
-30955.53152 0.996343319987 0.0
-30896.68276 0.997430380336 0.0
-30837.834 0.995335153849 0.0
-30778.98524 0.993980054665 0.0
-30720.13648 0.995119099841 0.0
-30661.28772 0.996300387458 0.0
-30602.43896 0.994330560811 0.0
-30543.5902 0.997139681147 0.0
-30484.74144 0.99931688356 0.0
-30425.89268 0.998391021512 0.0
-30367.04392 0.999424274069 0.0
-30308.19516 0.999912139315 0.0
-30249.3464 0.998364831203 0.0
-30190.49764 0.996938925246 0.0
-30131.64888 0.99833711504 0.0
-30072.80012 0.999793383325 0.0
-30013.95136 0.997849835113 0.0
-29955.1026 0.996849570091 0.0
-29896.25384 0.996721997631 0.0
-29837.40508 0.998288924805 0.0
-29778.55632 0.998196839542 0.0
-29719.70756 0.997510361303 0.0
-29660.8588 0.999334773305 0.0
-29602.01004 0.997981473526 0.0
-29543.16128 0.998439574714 0.0
-29484.31252 0.998890084654 0.0
-29425.46376 0.995893844923 0.0
-29366.615 0.995371627574 0.0
-29307.76624 0.99665783734 0.0
-29248.91748 0.996073990619 0.0
-29190.06872 0.995831874828 0.0
-29131.21996 0.997202080006 0.0
-29072.3712 0.999502973015 0.0
-29013.52244 0.999510590801 0.0
-28954.67368 0.997808939533 0.0
-28895.82492 0.997000364083 0.0
-28836.97616 0.998049652701 0.0
-28778.1274 1.00015403412 0.0
-28719.27864 0.998607144112 0.0
-28660.42988 0.996793259291 0.0
-28601.58112 0.998355428911 0.0
-28542.73236 0.999385668033 0.0
-28483.8836 0.998711315092 0.0
-28425.03484 0.998824400583 0.0
-28366.18608 1.00153151613 0.0
-28307.33732 1.00085756747 0.0
-28248.48856 0.998976870273 0.0
-28189.6398 0.99937099462 0.0
-28130.79104 0.999314998714 0.0
-28071.94228 0.998830283895 0.0
-28013.09352 0.997451550677 0.0
-27954.24476 0.998467789708 0.0
-27895.396 1.00025591347 0.0
-27836.54724 0.998817296214 0.0
-27777.69848 0.997805405062 0.0
-27718.84972 0.998077916231 0.0
-27660.00096 0.996829925002 0.0
-27601.1522 0.997443917078 0.0
-27542.30344 0.997486518603 0.0
-27483.45468 0.996050837584 0.0
-27424.60592 0.995807655922 0.0
-27365.75716 0.996259488082 0.0
-27306.9084 0.998500753029 0.0
-27248.05964 0.998416129126 0.0
-27189.21088 0.9953116466 0.0
-27130.36212 0.996554093107 0.0
-27071.51336 0.99724352412 0.0
-27012.6646 0.996411706916 0.0
-26953.81584 0.997379020718 0.0
-26894.96708 0.997089022553 0.0
-26836.11832 0.997929419906 0.0
-26777.26956 0.999805200555 0.0
-26718.4208 1.00088570063 0.0
-26659.57204 0.999941805448 0.0
-26600.72328 0.9981010405 0.0
-26541.87452 0.999242524681 0.0
-26483.02576 1.00181765295 0.0
-26424.177 1.00209434121 0.0
-26365.32824 1.00273459444 0.0
-26306.47948 1.00111187426 0.0
-26247.63072 0.999588736348 0.0
-26188.78196 1.00147252033 0.0
-26129.9332 1.00030635249 0.0
-26071.08444 0.997754633395 0.0
-26012.23568 0.995426935916 0.0
-25953.38692 0.995792880207 0.0
-25894.53816 0.997744427821 0.0
-25835.6894 0.998924555706 0.0
-25776.84064 1.00355469913 0.0
-25717.99188 1.00350141453 0.0
-25659.14312 0.999292610117 0.0
-25600.29436 0.998207977748 0.0
-25541.4456 0.998500380899 0.0
-25482.59684 0.998130355388 0.0
-25423.74808 0.998876909821 0.0
-25364.89932 0.999087541999 0.0
-25306.05056 0.998511230138 0.0
-25247.2018 0.99782963584 0.0
-25188.35304 0.996896007027 0.0
-25129.50428 0.996523430709 0.0
-25070.65552 0.996547712406 0.0
-25011.80676 0.995525585917 0.0
-24952.958 0.997069887322 0.0
-24894.10924 1.00155903839 0.0
-24835.26048 1.0003555567 0.0
-24776.41172 0.998450219105 0.0
-24717.56296 1.00088978284 0.0
-24658.7142 1.00135157768 0.0
-24599.86544 0.999713526966 0.0
-24541.01668 0.999929225043 0.0
-24482.16792 1.00034626224 0.0
-24423.31916 0.99937481085 0.0
-24364.4704 0.998113390114 0.0
-24305.62164 0.998221045597 0.0
-24246.77288 0.998143627635 0.0
-24187.92412 0.996173349911 0.0
-24129.07536 0.995215835797 0.0
-24070.2266 0.996411576457 0.0
-24011.37784 0.999188640846 0.0
-23952.52908 1.00189736686 0.0
-23893.68032 1.00229804055 0.0
-23834.83156 1.00099238876 0.0
-23775.9828 0.999972111978 0.0
-23717.13404 0.999769875026 0.0
-23658.28528 0.998677946351 0.0
-23599.43652 0.996155799364 0.0
-23540.58776 0.996559168159 0.0
-23481.739 0.996682030945 0.0
-23422.89024 0.994339176421 0.0
-23364.04148 0.994132433855 0.0
-23305.19272 0.995323221228 0.0
-23246.34396 0.996700062675 0.0
-23187.4952 0.997330211389 0.0
-23128.64644 0.99788607093 0.0
-23069.79768 0.997946475873 0.0
-23010.94892 0.99999654824 0.0
-22952.10016 1.00010598013 0.0
-22893.2514 0.997718577964 0.0
-22834.40264 0.997840423284 0.0
-22775.55388 0.998010828592 0.0
-22716.70512 0.996592174864 0.0
-22657.85636 0.996128043067 0.0
-22599.0076 0.995255652217 0.0
-22540.15884 0.99505631509 0.0
-22481.31008 0.995445974901 0.0
-22422.46132 0.99454587012 0.0
-22363.61256 0.996364226021 0.0
-22304.7638 0.997105221294 0.0
-22245.91504 0.996785102504 0.0
-22187.06628 0.998071579449 0.0
-22128.21752 0.999594217713 0.0
-22069.36876 0.99928257846 0.0
-22010.52 0.999656942805 0.0
-21951.67124 1.00054275915 0.0
-21892.82248 0.999767976628 0.0
-21833.97372 0.998733666916 0.0
-21775.12496 0.998728965753 0.0
-21716.2762 0.998821879363 0.0
-21657.42744 0.998518188243 0.0
-21598.57868 0.996841498054 0.0
-21539.72992 0.996883658545 0.0
-21480.88116 1.00050147227 0.0
-21422.0324 0.999373015586 0.0
-21363.18364 0.997165587746 0.0
-21304.33488 0.996861194568 0.0
-21245.48612 0.998135682685 0.0
-21186.63736 0.999624100161 0.0
-21127.7886 0.99919978513 0.0
-21068.93984 1.00013608511 0.0
-21010.09108 1.00048742939 0.0
-20951.24232 0.998385616906 0.0
-20892.39356 0.998518974761 0.0
-20833.5448 0.997355314351 0.0
-20774.69604 0.994637701756 0.0
-20715.84728 0.998371290222 0.0
-20656.99852 1.0007312994 0.0
-20598.14976 0.996891915904 0.0
-20539.301 0.995184377151 0.0
-20480.45224 0.994601195805 0.0
-20421.60348 0.997715448881 0.0
-20362.75472 1.00099847171 0.0
-20303.90596 0.99935024851 0.0
-20245.0572 0.998875802632 0.0
-20186.20844 0.998968235975 0.0
-20127.35968 0.99869102263 0.0
-20068.51092 0.998680987035 0.0
-20009.66216 0.997119507964 0.0
-19950.8134 0.996786206747 0.0
-19891.96464 0.996372900554 0.0
-19833.11588 0.996223578224 0.0
-19774.26712 0.996181850825 0.0
-19715.41836 0.994895072691 0.0
-19656.5696 0.997890350319 0.0
-19597.72084 1.00042820502 0.0
-19538.87208 0.999117076483 0.0
-19480.02332 0.99849300736 0.0
-19421.17456 1.00123763925 0.0
-19362.3258 1.00099120912 0.0
-19303.47704 0.998613974764 0.0
-19244.62828 0.999847449624 0.0
-19185.77952 1.00115622323 0.0
-19126.93076 0.998660788061 0.0
-19068.082 0.997179434524 0.0
-19009.23324 0.998785668141 0.0
-18950.38448 0.998761186216 0.0
-18891.53572 0.997692674529 0.0
-18832.68696 0.998088895991 0.0
-18773.8382 0.997354851767 0.0
-18714.98944 0.999697495168 0.0
-18656.14068 1.00252462861 0.0
-18597.29192 0.998448538863 0.0
-18538.44316 0.999362931607 0.0
-18479.5944 1.00155166874 0.0
-18420.74564 1.00007182012 0.0
-18361.89688 0.998348456793 0.0
-18303.04812 0.996567367565 0.0
-18244.19936 0.999810806603 0.0
-18185.3506 1.00085769941 0.0
-18126.50184 0.998561430067 0.0
-18067.65308 0.996774667557 0.0
-18008.80432 0.996722090118 0.0
-17949.95556 0.996657589571 0.0
-17891.1068 0.995817675975 0.0
-17832.25804 0.997495988231 0.0
-17773.40928 0.998720076514 0.0
-17714.56052 0.998069194708 0.0
-17655.71176 0.997614440862 0.0
-17596.863 0.998444720326 0.0
-17538.01424 0.998018146315 0.0
-17479.16548 0.998265694285 0.0
-17420.31672 0.999910130628 0.0
-17361.46796 1.00038434183 0.0
-17302.6192 1.0009388536 0.0
-17243.77044 1.00095270908 0.0
-17184.92168 1.00048897663 0.0
-17126.07292 0.999651273999 0.0
-17067.22416 1.00039743154 0.0
-17008.3754 0.99907688816 0.0
-16949.52664 0.996932555694 0.0
-16890.67788 0.997193850261 0.0
-16831.82912 0.996077206713 0.0
-16772.98036 0.995084142449 0.0
-16714.1316 0.99572803307 0.0
-16655.28284 0.997433560167 0.0
-16596.43408 0.998460586297 0.0
-16537.58532 0.998086176697 0.0
-16478.73656 0.998373997469 0.0
-16419.8878 1.00070460289 0.0
-16361.03904 1.00276459557 0.0
-16302.19028 1.00334379249 0.0
-16243.34152 1.0028100765 0.0
-16184.49276 1.00396426287 0.0
-16125.644 1.00208644623 0.0
-16066.79524 1.00024086046 0.0
-16007.94648 1.0000221077 0.0
-15949.09772 0.999057921445 0.0
-15890.24896 0.998921950485 0.0
-15831.4002 0.998906984341 0.0
-15772.55144 0.997839164235 0.0
-15713.70268 0.997739061422 0.0
-15654.85392 0.998860681991 0.0
-15596.00516 0.999098531641 0.0
-15537.1564 1.00008479124 0.0
-15478.30764 1.00175697011 0.0
-15419.45888 1.00078136393 0.0
-15360.61012 0.996875552884 0.0
-15301.76136 0.998489747901 0.0
-15242.9126 1.00204991281 0.0
-15184.06384 1.00105469853 0.0
-15125.21508 0.998556703651 0.0
-15066.36632 0.996889558437 0.0
-15007.51756 0.996300862169 0.0
-14948.6688 0.997149433075 0.0
-14889.82004 0.996736567723 0.0
-14830.97128 0.996887954352 0.0
-14772.12252 0.997884932075 0.0
-14713.27376 0.999591899399 0.0
-14654.425 0.999587974378 0.0
-14595.57624 0.996567867788 0.0
-14536.72748 0.99803837496 0.0
-14477.87872 1.00038176823 0.0
-14419.02996 1.00096481275 0.0
-14360.1812 1.00240412898 0.0
-14301.33244 1.00157010975 0.0
-14242.48368 0.999406936383 0.0
-14183.63492 0.996270894906 0.0
-14124.78616 0.998577719088 0.0
-14065.9374 1.00287401186 0.0
-14007.08864 1.00190797775 0.0
-13948.23988 1.00134843781 0.0
-13889.39112 1.00224679241 0.0
-13830.54236 1.00273281111 0.0
-13771.6936 1.00264387171 0.0
-13712.84484 1.00225922354 0.0
-13653.99608 0.99825414973 0.0
-13595.14732 0.999452357459 0.0
-13536.29856 1.00246935923 0.0
-13477.4498 1.00100119719 0.0
-13418.60104 1.00089939767 0.0
-13359.75228 1.00213036137 0.0
-13300.90352 1.00248776885 0.0
-13242.05476 1.00144980337 0.0
-13183.206 0.999954937679 0.0
-13124.35724 1.0002494432 0.0
-13065.50848 1.00004902156 0.0
-13006.65972 1.00096950177 0.0
-12947.81096 1.00169635172 0.0
-12888.9622 1.00280071875 0.0
-12830.11344 1.00345238478 0.0
-12771.26468 0.999420875459 0.0
-12712.41592 1.00016057958 0.0
-12653.56716 1.00132308161 0.0
-12594.7184 1.00008422838 0.0
-12535.86964 1.00079373557 0.0
-12477.02088 1.00370637309 0.0
-12418.17212 1.00488704612 0.0
-12359.32336 1.00466483626 0.0
-12300.4746 1.00269134755 0.0
-12241.62584 1.00036686545 0.0
-12182.77708 1.00188688639 0.0
-12123.92832 1.00056900303 0.0
-12065.07956 1.00007537596 0.0
-12006.2308 1.00043978268 0.0
-11947.38204 1.00042908737 0.0
-11888.53328 0.999386418856 0.0
-11829.68452 0.99871897661 0.0
-11770.83576 0.999989476338 0.0
-11711.987 1.00036640648 0.0
-11653.13824 1.00235169284 0.0
-11594.28948 1.00169337913 0.0
-11535.44072 1.00161598784 0.0
-11476.59196 1.00305356111 0.0
-11417.7432 1.00358298888 0.0
-11358.89444 1.00253496152 0.0
-11300.04568 1.00146540952 0.0
-11241.19692 1.00179850926 0.0
-11182.34816 0.998336163869 0.0
-11123.4994 0.996804306922 0.0
-11064.65064 0.996584946612 0.0
-11005.80188 0.998253361484 0.0
-10946.95312 1.00473047579 0.0
-10888.10436 1.00277591943 0.0
-10829.2556 1.00156935806 0.0
-10770.40684 1.00496556908 0.0
-10711.55808 1.00615057428 0.0
-10652.70932 1.00488213662 0.0
-10593.86056 1.00267884829 0.0
-10535.0118 1.00296134463 0.0
-10476.16304 1.00093831135 0.0
-10417.31428 1.00001042899 0.0
-10358.46552 1.00062908392 0.0
-10299.61676 0.999518942767 0.0
-10240.768 1.00022309173 0.0
-10181.91924 0.999709331297 0.0
-10123.07048 0.998578031505 0.0
-10064.22172 1.00000130265 0.0
-10005.37296 1.00302750128 0.0
-9946.5242 1.00342420022 0.0
-9887.67544 1.0029187986 0.0
-9828.82668 1.00486027487 0.0
-9769.97792 1.00398704406 0.0
-9711.12916 1.00280370666 0.0
-9652.2804 1.0038243939 0.0
-9593.43164 1.00351891172 0.0
-9534.58288 1.00082894875 0.0
-9475.73412 1.00024135793 0.0
-9416.88536 1.00285754633 0.0
-9358.0366 1.00491958485 0.0
-9299.18784 1.00400578949 0.0
-9240.33908 1.00091259494 0.0
-9181.49032 1.00153182162 0.0
-9122.64156 1.00296191659 0.0
-9063.7928 1.00544339827 0.0
-9004.94404 1.00706004614 0.0
-8946.09528 1.00527368826 0.0
-8887.24652 1.00510342949 0.0
-8828.39776 1.00252690305 0.0
-8769.549 1.00227409011 0.0
-8710.70024 1.00260571912 0.0
-8651.85148 1.00228531667 0.0
-8593.00272 1.00367442915 0.0
-8534.15396 1.00154186413 0.0
-8475.3052 1.00273935831 0.0
-8416.45644 1.0028877515 0.0
-8357.60768 1.00187281715 0.0
-8298.75892 1.00580987264 0.0
-8239.91016 1.0044666867 0.0
-8181.0614 1.0017234103 0.0
-8122.21264 1.00213612209 0.0
-8063.36388 1.00218397573 0.0
-8004.51512 1.00580276477 0.0
-7945.66636 1.00568867454 0.0
-7886.8176 1.00352148531 0.0
-7827.96884 1.0051161828 0.0
-7769.12008 1.00535016169 0.0
-7710.27132 1.00439260616 0.0
-7651.42256 1.00738587195 0.0
-7592.5738 1.01005990009 0.0
-7533.72504 1.00741452803 0.0
-7474.87628 1.00586632292 0.0
-7416.02752 1.00396017134 0.0
-7357.17876 1.00326877204 0.0
-7298.33 1.00516228341 0.0
-7239.48124 1.00537509493 0.0
-7180.63248 1.00387614767 0.0
-7121.78372 1.00331274413 0.0
-7062.93496 1.00414746349 0.0
-7004.0862 1.00578183087 0.0
-6945.23744 1.00791443541 0.0
-6886.38868 1.01076200073 0.0
-6827.53992 1.01021501678 0.0
-6768.69116 1.00705874186 0.0
-6709.8424 1.00567521945 0.0
-6650.99364 1.0074759239 0.0
-6592.14488 1.00936776372 0.0
-6533.29612 1.01118421959 0.0
-6474.44736 1.00900093125 0.0
-6415.5986 1.00543334039 0.0
-6356.74984 1.00629404456 0.0
-6297.90108 1.00571812085 0.0
-6239.05232 1.00459484608 0.0
-6180.20356 1.00754985773 0.0
-6121.3548 1.01332889372 0.0
-6062.50604 1.01460307896 0.0
-6003.65728 1.01430100045 0.0
-5944.80852 1.01460779518 0.0
-5885.95976 1.01701759779 0.0
-5827.111 1.01825724276 0.0
-5768.26224 1.0165720313 0.0
-5709.41348 1.01592863706 0.0
-5650.56472 1.0113589199 0.0
-5591.71596 1.00780702017 0.0
-5532.8672 1.00659004513 0.0
-5474.01844 1.0010147183 0.0
-5415.16968 0.999824576721 0.0
-5356.32092 1.00490793166 0.0
-5297.47216 1.00659026747 0.0
-5238.6234 1.00941135561 0.0
-5179.77464 1.01567394963 0.0
-5120.92588 1.02173670408 0.0
-5062.07712 1.02505810897 0.0
-5003.22836 1.02517167258 0.0
-4944.3796 1.02290040441 0.0
-4885.53084 1.02221766269 0.0
-4826.68208 1.02008475237 0.0
-4767.83332 1.01674004054 0.0
-4708.98456 1.01454967281 0.0
-4650.1358 1.01223458587 0.0
-4591.28704 1.01123069125 0.0
-4532.43828 1.01052170497 0.0
-4473.58952 1.01320070764 0.0
-4414.74076 1.01604748283 0.0
-4355.892 1.0216393944 0.0
-4297.04324 1.02448524325 0.0
-4238.19448 1.02341592047 0.0
-4179.34572 1.02248466445 0.0
-4120.49696 1.022506781 0.0
-4061.6482 1.02535203175 0.0
-4002.79944 1.02701015562 0.0
-3943.95068 1.02624104462 0.0
-3885.10192 1.02212074603 0.0
-3826.25316 1.0176309014 0.0
-3767.4044 1.01792560209 0.0
-3708.55564 1.02183196295 0.0
-3649.70688 1.02491945522 0.0
-3590.85812 1.02817308599 0.0
-3532.00936 1.02787275757 0.0
-3473.1606 1.02568038225 0.0
-3414.31184 1.02548769235 0.0
-3355.46308 1.02812754833 0.0
-3296.61432 1.03289285998 0.0
-3237.76556 1.03183021439 0.0
-3178.9168 1.02718524211 0.0
-3120.06804 1.0241135055 0.0
-3061.21928 1.01928613393 0.0
-3002.37052 1.02048517394 0.0
-2943.52176 1.02322434649 0.0
-2884.673 1.02426735806 0.0
-2825.82424 1.02753108496 0.0
-2766.97548 1.0264621673 0.0
-2708.12672 1.02406071478 0.0
-2649.27796 1.02678778854 0.0
-2590.4292 1.03155114196 0.0
-2531.58044 1.03497923596 0.0
-2472.73168 1.03477587654 0.0
-2413.88292 1.034609259 0.0
-2355.03416 1.03510249225 0.0
-2296.1854 1.03019038052 0.0
-2237.33664 1.026411922 0.0
-2178.48788 1.0285148857 0.0
-2119.63912 1.03104214101 0.0
-2060.79036 1.02737282033 0.0
-2001.9416 1.02371386365 0.0
-1943.09284 1.02485121723 0.0
-1884.24408 1.02996712986 0.0
-1825.39532 1.03216316047 0.0
-1766.54656 1.03133392233 0.0
-1707.6978 1.02970884601 0.0
-1648.84904 1.03040979471 0.0
-1590.00028 1.03107320454 0.0
-1531.15152 1.02928218821 0.0
-1472.30276 1.02969944126 0.0
-1413.454 1.03035998203 0.0
-1354.60524 1.03129118507 0.0
-1295.75648 1.03022291404 0.0
-1236.90772 1.02924995277 0.0
-1178.05896 1.02908347578 0.0
-1119.2102 1.02795137303 0.0
-1060.36144 1.02692745432 0.0
-1001.51268 1.02740099534 0.0
-942.663919999 1.02689075786 0.0
-883.815159999 1.0274287774 0.0
-824.966399999 1.03095594061 0.0
-766.117639999 1.03087652588 0.0
-707.268879999 1.03274413179 0.0
-648.420119999 1.03662939271 0.0
-589.571359999 1.03582399198 0.0
-530.722599999 1.03374771337 0.0
-471.873839999 1.03544254464 0.0
-413.025079999 1.03287556291 0.0
-354.176319999 1.03331170467 0.0
-295.327559999 1.03440206254 0.0
-236.478799999 1.02909222171 0.0
-177.630039999 1.02783862915 0.0
-118.781279999 1.02791062343 0.0
-59.9325199989 1.02973104964 0.0
-1.08375999894 1.03317748355 0.0
57.7650000011 1.03359295174 0.0
116.613760001 1.03150941852 0.0
175.462520001 1.03052828928 0.0
234.311280001 1.02867546463 0.0
293.160040001 1.02819380057 0.0
352.008800001 1.03171180935 0.0
410.857560001 1.03440861235 0.0
469.706320001 1.03473117695 0.0
528.555080001 1.0334011781 0.0
587.403840001 1.03169182238 0.0
646.252600001 1.03059386416 0.0
705.101360001 1.02965251209 0.0
763.950120001 1.02726726727 0.0
822.798880001 1.02536859965 0.0
881.647640001 1.0239124305 0.0
940.496400001 1.02478268129 0.0
999.345160001 1.02822481607 0.0
1058.19392 1.02911527436 0.0
1117.04268 1.03267979902 0.0
1175.89144 1.03556985178 0.0
1234.7402 1.03569000001 0.0
1293.58896 1.03649358413 0.0
1352.43772 1.03775079245 0.0
1411.28648 1.03748977942 0.0
1470.13524 1.03232536039 0.0
1528.984 1.0270051185 0.0
1587.83276 1.02391416081 0.0
1646.68152 1.02271765831 0.0
1705.53028 1.02390765043 0.0
1764.37904 1.02675678364 0.0
1823.2278 1.03127669985 0.0
1882.07656 1.03132905219 0.0
1940.92532 1.02881291575 0.0
1999.77408 1.02759669185 0.0
2058.62284 1.02848270578 0.0
2117.4716 1.02968294639 0.0
2176.32036 1.02861635606 0.0
2235.16912 1.02815021935 0.0
2294.01788 1.02596354141 0.0
2352.86664 1.02190335547 0.0
2411.7154 1.02153576423 0.0
2470.56416 1.02437429608 0.0
2529.41292 1.02581116365 0.0
2588.26168 1.02558757188 0.0
2647.11044 1.02471769733 0.0
2705.9592 1.02365771532 0.0
2764.80796 1.02399807146 0.0
2823.65672 1.02440986414 0.0
2882.50548 1.02319153465 0.0
2941.35424 1.0227818848 0.0
3000.203 1.02265502645 0.0
3059.05176 1.02176133499 0.0
3117.90052 1.02248350775 0.0
3176.74928 1.02517027914 0.0
3235.59804 1.02603799884 0.0
3294.4468 1.02711069258 0.0
3353.29556 1.02710107709 0.0
3412.14432 1.02216228271 0.0
3470.99308 1.01933788646 0.0
3529.84184 1.01844569892 0.0
3588.6906 1.0187104258 0.0
3647.53936 1.02105663521 0.0
3706.38812 1.02286015436 0.0
3765.23688 1.02424853021 0.0
3824.08564 1.02452178253 0.0
3882.9344 1.02600682532 0.0
3941.78316 1.0288507247 0.0
4000.63192 1.02894391254 0.0
4059.48068 1.02675322267 0.0
4118.32944 1.02134748534 0.0
4177.1782 1.01755550403 0.0
4236.02696 1.01935047845 0.0
4294.87572 1.02081522815 0.0
4353.72448 1.0194064365 0.0
4412.57324 1.0160099795 0.0
4471.422 1.01278134318 0.0
4530.27076 1.01482975577 0.0
4589.11952 1.01655546419 0.0
4647.96828 1.01957808041 0.0
4706.81704 1.02616784349 0.0
4765.6658 1.02757217849 0.0
4824.51456 1.02654388543 0.0
4883.36332 1.02324972821 0.0
4942.21208 1.01972897675 0.0
5001.06084 1.01809140869 0.0
5059.9096 1.02057276416 0.0
5118.75836 1.02089698672 0.0
5177.60712 1.01647719394 0.0
5236.45588 1.01281737888 0.0
5295.30464 1.00821227168 0.0
5354.1534 1.00511589712 0.0
5413.00216 1.00890793641 0.0
5471.85092 1.01303468451 0.0
5530.69968 1.01433305246 0.0
5589.54844 1.01822532282 0.0
5648.3972 1.01955739176 0.0
5707.24596 1.01854549295 0.0
5766.09472 1.0201963043 0.0
5824.94348 1.02236631029 0.0
5883.79224 1.02158083645 0.0
5942.641 1.01842479347 0.0
6001.48976 1.01672902059 0.0
6060.33852 1.01529357399 0.0
6119.18728 1.01337784502 0.0
6178.03604 1.0139738695 0.0
6236.8848 1.01437976765 0.0
6295.73356 1.01311422297 0.0
6354.58232 1.01114304856 0.0
6413.43108 1.01370161873 0.0
6472.27984 1.0196031329 0.0
6531.1286 1.02026490966 0.0
6589.97736 1.0181807044 0.0
6648.82612 1.01674808063 0.0
6707.67488 1.015986326 0.0
6766.52364 1.01502282094 0.0
6825.3724 1.01308851582 0.0
6884.22116 1.01408820911 0.0
6943.06992 1.01403892894 0.0
7001.91868 1.01412838758 0.0
7060.76744 1.0141853316 0.0
7119.6162 1.01215408098 0.0
7178.46496 1.0115477124 0.0
7237.31372 1.0136099846 0.0
7296.16248 1.02145177411 0.0
7355.01124 1.02217166977 0.0
7413.86 1.01719808525 0.0
7472.70876 1.01519098099 0.0
7531.55752 1.01450122895 0.0
7590.40628 1.01382342387 0.0
7649.25504 1.0119457322 0.0
7708.1038 1.01371919126 0.0
7766.95256 1.01413953411 0.0
7825.80132 1.01234631848 0.0
7884.65008 1.01157805408 0.0
7943.49884 1.01438749599 0.0
8002.3476 1.01899512831 0.0
8061.19636 1.01998961717 0.0
8120.04512 1.01738325358 0.0
8178.89388 1.01603716786 0.0
8237.74264 1.01546996132 0.0
8296.5914 1.01445789343 0.0
8355.44016 1.01446657969 0.0
8414.28892 1.01450080351 0.0
8473.13768 1.0133024673 0.0
8531.98644 1.01192958057 0.0
8590.8352 1.01230795981 0.0
8649.68396 1.01314350653 0.0
8708.53272 1.01602891543 0.0
8767.38148 1.01533122408 0.0
8826.23024 1.01367036317 0.0
8885.079 1.01648652083 0.0
8943.92776 1.01579275969 0.0
9002.77652 1.01432072385 0.0
9061.62528 1.01699646289 0.0
9120.47404 1.01821510369 0.0
9179.3228 1.01791529141 0.0
9238.17156 1.01705710647 0.0
9297.02032 1.01383115654 0.0
9355.86908 1.01416843449 0.0
9414.71784 1.01540253891 0.0
9473.5666 1.01355350338 0.0
9532.41536 1.01208043117 0.0
9591.26412 1.01152625374 0.0
9650.11288 1.01082136214 0.0
9708.96164 1.01362384184 0.0
9767.8104 1.01802346026 0.0
9826.65916 1.01842930976 0.0
9885.50792 1.01601857622 0.0
9944.35668 1.01318509971 0.0
10003.20544 1.01194955172 0.0
10062.0542 1.01151766705 0.0
10120.90296 1.01030338826 0.0
10179.75172 1.0115570192 0.0
10238.60048 1.01072298507 0.0
10297.44924 1.00852380758 0.0
10356.298 1.00964039541 0.0
10415.14676 1.00768299595 0.0
10473.99552 1.00976218571 0.0
10532.84428 1.01420931637 0.0
10591.69304 1.0139961949 0.0
10650.5418 1.01481781313 0.0
10709.39056 1.01479016361 0.0
10768.23932 1.01157195291 0.0
10827.08808 1.00777183386 0.0
10885.93684 1.00770209874 0.0
10944.7856 1.00857552201 0.0
11003.63436 1.00912364664 0.0
11062.48312 1.00871353683 0.0
11121.33188 1.00931817935 0.0
11180.18064 1.01307655732 0.0
11239.0294 1.01356067911 0.0
11297.87816 1.01430860948 0.0
11356.72692 1.01276864284 0.0
11415.57568 1.00874256982 0.0
11474.42444 1.01001241509 0.0
11533.2732 1.01232948035 0.0
11592.12196 1.01047910365 0.0
11650.97072 1.00728920213 0.0
11709.81948 1.00748741742 0.0
11768.66824 1.00834672777 0.0
11827.517 1.00869944193 0.0
11886.36576 1.01040172006 0.0
11945.21452 1.01097771493 0.0
12004.06328 1.01199078481 0.0
12062.91204 1.01177359268 0.0
12121.7608 1.01164025045 0.0
12180.60956 1.01198765086 0.0
12239.45832 1.01123043271 0.0
12298.30708 1.01346962988 0.0
12357.15584 1.01339218627 0.0
12416.0046 1.01075647297 0.0
12474.85336 1.01004049525 0.0
12533.70212 1.00844417396 0.0
12592.55088 1.0079254384 0.0
12651.39964 1.00892745644 0.0
12710.2484 1.01092668716 0.0
12769.09716 1.01363585302 0.0
12827.94592 1.01330637448 0.0
12886.79468 1.01189480176 0.0
12945.64344 1.01095765076 0.0
13004.4922 1.00950775077 0.0
13063.34096 1.01041602459 0.0
13122.18972 1.01146235379 0.0
13181.03848 1.00784220389 0.0
13239.88724 1.00333379928 0.0
13298.736 1.00475591506 0.0
13357.58476 1.00776003928 0.0
13416.43352 1.00771350833 0.0
13475.28228 1.00713843601 0.0
13534.13104 1.01175134557 0.0
13592.9798 1.01403889431 0.0
13651.82856 1.01190723077 0.0
13710.67732 1.01062326401 0.0
13769.52608 1.00916939852 0.0
13828.37484 1.00823219991 0.0
13887.2236 1.00741858307 0.0
13946.07236 1.00815349961 0.0
14004.92112 1.00699750708 0.0
14063.76988 1.00621951802 0.0
14122.61864 1.00709230125 0.0
14181.4674 1.00724323903 0.0
14240.31616 1.00826669091 0.0
14299.16492 1.00701679511 0.0
14358.01368 1.00627186976 0.0
14416.86244 1.00706639322 0.0
14475.7112 1.00732249553 0.0
14534.55996 1.0052191078 0.0
14593.40872 1.00357426881 0.0
14652.25748 1.00583966639 0.0
14711.10624 1.00612279602 0.0
14769.955 1.00591658332 0.0
14828.80376 1.00673887531 0.0
14887.65252 1.00710756687 0.0
14946.50128 1.00882422889 0.0
15005.35004 1.00898051423 0.0
15064.1988 1.0078631956 0.0
15123.04756 1.00802909027 0.0
15181.89632 1.00735832537 0.0
15240.74508 1.00790782382 0.0
15299.59384 1.00929377517 0.0
15358.4426 1.00971594804 0.0
15417.29136 1.00956894288 0.0
15476.14012 1.00691266367 0.0
15534.98888 1.00521506409 0.0
15593.83764 1.00430360586 0.0
15652.6864 1.0025493828 0.0
15711.53516 1.00228444125 0.0
15770.38392 1.00291088264 0.0
15829.23268 1.00049966294 0.0
15888.08144 0.999717478571 0.0
15946.9302 1.00577747595 0.0
16005.77896 1.00704730665 0.0
16064.62772 1.00428864064 0.0
16123.47648 1.00332150764 0.0
16182.32524 1.00367792121 0.0
16241.174 1.00555829985 0.0
16300.02276 1.0049522358 0.0
16358.87152 1.00445167892 0.0
16417.72028 1.00607057558 0.0
16476.56904 1.00596766932 0.0
16535.4178 1.0038663629 0.0
16594.26656 1.00507372288 0.0
16653.11532 1.00737144187 0.0
16711.96408 1.0050129355 0.0
16770.81284 1.00302487089 0.0
16829.6616 1.00380361643 0.0
16888.51036 1.00556532051 0.0
16947.35912 1.00555568885 0.0
17006.20788 1.00407359143 0.0
17065.05664 1.00381711968 0.0
17123.9054 1.00518028084 0.0
17182.75416 1.005270911 0.0
17241.60292 1.0039739348 0.0
17300.45168 1.00923014912 0.0
17359.30044 1.01007322761 0.0
17418.1492 1.0048038544 0.0
17476.99796 1.0050748256 0.0
17535.84672 1.00670445867 0.0
17594.69548 1.00676089279 0.0
17653.54424 1.00459186345 0.0
17712.393 1.0029704233 0.0
17771.24176 1.00407085432 0.0
17830.09052 1.00372397665 0.0
17888.93928 0.999912981789 0.0
17947.78804 1.002144127 0.0
18006.6368 1.00502928973 0.0
18065.48556 1.00340436159 0.0
18124.33432 1.00456505798 0.0
18183.18308 1.00562188437 0.0
18242.03184 1.00505692313 0.0
18300.8806 1.00231333957 0.0
18359.72936 1.00245143617 0.0
18418.57812 1.00587522554 0.0
18477.42688 1.00396324873 0.0
18536.27564 1.00293248293 0.0
18595.1244 1.0027619562 0.0
18653.97316 1.00221947876 0.0
18712.82192 1.0023848949 0.0
18771.67068 1.0013889321 0.0
18830.51944 1.00234770177 0.0
18889.3682 1.0027193962 0.0
18948.21696 1.00162610688 0.0
19007.06572 1.00198534074 0.0
19065.91448 1.00159389545 0.0
19124.76324 1.00155095033 0.0
19183.612 1.00245199253 0.0
19242.46076 1.0027961018 0.0
19301.30952 1.00358973256 0.0
19360.15828 1.00308601053 0.0
19419.00704 1.00439027771 0.0
19477.8558 1.00366428893 0.0
19536.70456 1.00054009329 0.0
19595.55332 0.999761023266 0.0
19654.40208 1.00114802199 0.0
19713.25084 1.00271817093 0.0
19772.0996 1.00144842411 0.0
19830.94836 0.999899198825 0.0
19889.79712 1.00166621117 0.0
19948.64588 1.00438978372 0.0
20007.49464 1.00368744799 0.0
20066.3434 1.00030467403 0.0
20125.19216 1.00063965893 0.0
20184.04092 1.00315698128 0.0
20242.88968 1.00246406854 0.0
20301.73844 1.00108831355 0.0
20360.5872 1.00271641337 0.0
20419.43596 1.00357533102 0.0
20478.28472 1.00225932873 0.0
20537.13348 1.00172745479 0.0
20595.98224 1.00331919903 0.0
20654.831 1.00490952899 0.0
20713.67976 1.00369591 0.0
20772.52852 1.00218739279 0.0
20831.37728 1.00040480118 0.0
20890.22604 0.99882776774 0.0
20949.0748 0.999588412802 0.0
21007.92356 1.00235958401 0.0
21066.77232 1.00347475816 0.0
21125.62108 1.00352556985 0.0
21184.46984 1.0025313924 0.0
21243.3186 1.00176905694 0.0
21302.16736 1.00292072614 0.0
21361.01612 1.0028101021 0.0
21419.86488 1.00350708456 0.0
21478.71364 1.00365575288 0.0
21537.5624 1.00014525589 0.0
21596.41116 0.998422643674 0.0
21655.25992 1.00140996765 0.0
21714.10868 1.00412181567 0.0
21772.95744 1.00337161111 0.0
21831.8062 1.0007013165 0.0
21890.65496 1.00118315374 0.0
21949.50372 1.00311594384 0.0
22008.35248 1.00034824121 0.0
22067.20124 0.997248687847 0.0
22126.05 0.997743206495 0.0
22184.89876 1.00033557989 0.0
22243.74752 1.00308978379 0.0
22302.59628 1.00176791254 0.0
22361.44504 1.00264144841 0.0
22420.2938 1.00397094497 0.0
22479.14256 1.00097956493 0.0
22537.99132 1.00255044972 0.0
22596.84008 1.0045189484 0.0
22655.68884 1.00153260803 0.0
22714.5376 1.00103724337 0.0
22773.38636 1.00167673359 0.0
22832.23512 1.0001799645 0.0
22891.08388 0.999534433046 0.0
22949.93264 0.999909020771 0.0
23008.7814 0.997917240408 0.0
23067.63016 0.998185242925 0.0
23126.47892 1.00061082811 0.0
23185.32768 0.999519629322 0.0
23244.17644 0.999881699367 0.0
23303.0252 1.00223443231 0.0
23361.87396 0.999823618839 0.0
23420.72272 0.997090791492 0.0
23479.57148 0.998497479148 0.0
23538.42024 0.999439919859 0.0
23597.269 0.999756948757 0.0
23656.11776 1.0010366152 0.0
23714.96652 1.00214357016 0.0
23773.81528 1.00173552402 0.0
23832.66404 1.00286111692 0.0
23891.5128 1.00223414347 0.0
23950.36156 1.00183144623 0.0
24009.21032 1.00105603081 0.0
24068.05908 1.00041025669 0.0
24126.90784 0.999678435432 0.0
24185.7566 0.999098824516 0.0
24244.60536 1.00016483756 0.0
24303.45412 0.998221326797 0.0
24362.30288 0.999233133791 0.0
24421.15164 0.999845232867 0.0
24480.0004 1.00137719714 0.0
24538.84916 1.00283065698 0.0
24597.69792 1.00208511592 0.0
24656.54668 1.00180914447 0.0
24715.39544 1.00174569317 0.0
24774.2442 1.00182808514 0.0
24833.09296 0.99999774149 0.0
24891.94172 0.998283373023 0.0
24950.79048 0.996348561724 0.0
25009.63924 0.996768520862 0.0
25068.488 0.998892089759 0.0
25127.33676 0.99756796454 0.0
25186.18552 0.997407258292 0.0
25245.03428 0.998671223053 0.0
25303.88304 0.997249024211 0.0
25362.7318 0.999133012186 0.0
25421.58056 1.00277353138 0.0
25480.42932 1.00361569812 0.0
25539.27808 1.00102932213 0.0
25598.12684 0.99931777937 0.0
25656.9756 1.00057804167 0.0
25715.82436 0.998040864287 0.0
25774.67312 0.99662764854 0.0
25833.52188 0.998472329544 0.0
25892.37064 0.999354453476 0.0
25951.2194 0.99762605591 0.0
26010.06816 0.996131743948 0.0
26068.91692 0.998915366382 0.0
26127.76568 1.00210716401 0.0
26186.61444 1.00161861323 0.0
26245.4632 1.00435344374 0.0
26304.31196 1.00573342095 0.0
26363.16072 0.999534172618 0.0
26422.00948 1.00158687646 0.0
26480.85824 1.00324219163 0.0
26539.707 1.00080809845 0.0
26598.55576 0.997968077504 0.0
26657.40452 0.997308257266 0.0
26716.25328 0.997207628614 0.0
26775.10204 0.996145631933 0.0
26833.9508 0.998236757615 0.0
26892.79956 0.999228459396 0.0
26951.64832 1.00066875992 0.0
27010.49708 1.00122013935 0.0
27069.34584 1.00061833394 0.0
27128.1946 1.00039790289 0.0
27187.04336 1.00263279608 0.0
27245.89212 1.00269682244 0.0
27304.74088 0.999333045828 0.0
27363.58964 0.998727394772 0.0
27422.4384 0.998291761202 0.0
27481.28716 0.997903413143 0.0
27540.13592 0.999393787834 0.0
27598.98468 1.00027317812 0.0
27657.83344 1.00055828494 0.0
27716.6822 1.0005416372 0.0
27775.53096 1.00104537088 0.0
27834.37972 1.00125013714 0.0
27893.22848 0.999004362249 0.0
27952.07724 0.997043508801 0.0
28010.926 0.99792162707 0.0
28069.77476 0.999260034281 0.0
28128.62352 1.00186739795 0.0
28187.47228 1.00140635392 0.0
28246.32104 1.00013307036 0.0
28305.1698 1.0011533765 0.0
28364.01856 1.00169422725 0.0
28422.86732 1.0004607539 0.0
28481.71608 0.999319712575 0.0
28540.56484 0.999686540811 0.0
28599.4136 0.998083484275 0.0
28658.26236 0.996860190216 0.0
28717.11112 0.995578906462 0.0
28775.95988 0.995364011968 0.0
28834.80864 0.998850526325 0.0
28893.6574 1.0013484295 0.0
28952.50616 0.999063971589 0.0
29011.35492 0.99699414727 0.0
29070.20368 0.999143704863 0.0
29129.05244 1.00077569869 0.0
29187.9012 1.00026846512 0.0
29246.74996 1.00095062381 0.0
29305.59872 1.00177660707 0.0
29364.44748 1.0017215254 0.0
29423.29624 1.00183635649 0.0
29482.145 0.998606195929 0.0
29540.99376 0.995668972037 0.0
29599.84252 0.998340589668 0.0
29658.69128 1.00115267645 0.0
29717.54004 0.998899210925 0.0
29776.3888 1.00036199005 0.0
29835.23756 1.00190394475 0.0
29894.08632 0.998334266007 0.0
29952.93508 0.996135302582 0.0
30011.78384 0.997930130686 0.0
30070.6326 0.997938218346 0.0
30129.48136 0.998162360375 0.0
30188.33012 1.00042854663 0.0
30247.17888 1.00023404618 0.0
30306.02764 0.999622521256 0.0
30364.8764 1.00042267844 0.0
30423.72516 1.00148006388 0.0
30482.57392 0.999444758432 0.0
30541.42268 0.999341506179 0.0
30600.27144 1.00039481927 0.0
30659.1202 1.00041097539 0.0
30717.96896 1.00167012258 0.0
30776.81772 0.999774358958 0.0
30835.66648 0.99996064571 0.0
30894.51524 1.00269745675 0.0
30953.364 1.00044178129 0.0
31012.21276 0.998988884962 0.0
31071.06152 1.00029553001 0.0
31129.91028 1.00177757428 0.0
31188.75904 1.00109523661 0.0
31247.6078 0.999684729761 0.0
31306.45656 0.999939910943 0.0
31365.30532 1.00074615619 0.0
31424.15408 1.00022703082 0.0
31483.00284 0.998179071635 0.0
31541.8516 0.998929833136 0.0
31600.70036 0.999934801986 0.0
31659.54912 0.998314077551 0.0
31718.39788 0.997853633947 0.0
31777.24664 0.999740633145 0.0
31836.0954 1.00188630843 0.0
31894.94416 1.00254840647 0.0
31953.79292 1.00061210813 0.0
32012.64168 0.998890745214 0.0
32071.49044 0.99954082606 0.0
32130.3392 1.00028968073 0.0
32189.18796 1.00178886218 0.0
32248.03672 1.00101598179 0.0
32306.88548 0.998670927758 0.0
32365.73424 0.998316707571 0.0
32424.583 0.998563728917 0.0
32483.43176 0.998219579623 0.0
32542.28052 0.997865457267 0.0
32601.12928 0.996955435928 0.0
32659.97804 0.997312205235 0.0
32718.8268 1.00057088408 0.0
32777.67556 1.00037803079 0.0
32836.52432 0.997896434921 0.0
32895.37308 0.997496417608 0.0
32954.22184 0.999756730321 0.0
33013.0706 1.00181595956 0.0
33071.91936 1.00023973105 0.0
33130.76812 0.997384235066 0.0
33189.61688 0.997811573942 0.0
33248.46564 0.999208616179 0.0
33307.3144 0.998388391007 0.0
33366.16316 0.997905320067 0.0
33425.01192 0.997078145964 0.0
33483.86068 0.998979376167 0.0
33542.70944 1.00050274376 0.0
33601.5582 0.999492916725 0.0
33660.40696 1.00152609693 0.0
33719.25572 0.999795429077 0.0
33778.10448 0.998089663063 0.0
33836.95324 1.00108786582 0.0
33895.802 1.00295353504 0.0
33954.65076 1.00062845286 0.0
34013.49952 0.998411290236 0.0
34072.34828 1.00043855178 0.0
34131.19704 1.00144389902 0.0
34190.0458 1.00156812425 0.0
34248.89456 0.999160786896 0.0
34307.74332 0.998646769156 0.0
34366.59208 0.999935105271 0.0
34425.44084 0.999510708316 0.0
34484.2896 0.999520439241 0.0
34543.13836 1.00048923984 0.0
34601.98712 1.00094000739 0.0
34660.83588 1.00070636872 0.0
34719.68464 1.00082900342 0.0
34778.5334 0.99941664642 0.0
34837.38216 0.997683367307 0.0
34896.23092 0.998375556907 0.0
34955.07968 1.00038857639 0.0
35013.92844 0.998191814831 0.0
35072.7772 0.997178664072 0.0
35131.62596 1.00017161161 0.0
35190.47472 1.0003207108 0.0
35249.32348 1.00001888427 0.0
35308.17224 1.00039277438 0.0
35367.021 0.999341214907 0.0
35425.86976 1.00051197189 0.0
35484.71852 1.00152031265 0.0
35543.56728 1.00200376708 0.0
35602.41604 1.00166362951 0.0
35661.2648 1.00202353183 0.0
35720.11356 1.00152951539 0.0
35778.96232 0.997613213073 0.0
35837.81108 0.997984289459 0.0
35896.65984 0.999595529171 0.0
35955.5086 0.999389728756 0.0
36014.35736 0.999244798688 0.0
36073.20612 0.998685360543 0.0
36132.05488 0.999722620081 0.0
36190.90364 1.00149792645 0.0
36249.7524 1.00033743116 0.0
36308.60116 0.999801372509 0.0
36367.44992 1.00115783086 0.0
36426.29868 1.00124794511 0.0
36485.14744 1.00203931361 0.0
36543.9962 1.00213437665 0.0
36602.84496 1.0014649982 0.0
36661.69372 1.00155911929 0.0
36720.54248 1.00128831921 0.0
36779.39124 1.00072757879 0.0
36838.24 0.999333133935 0.0
36897.08876 0.998193991677 0.0
36955.93752 0.998836938362 0.0
37014.78628 1.0010237861 0.0
37073.63504 1.00298200932 0.0
37132.4838 1.00256968977 0.0
37191.33256 1.00328630843 0.0
37250.18132 1.00380938843 0.0
37309.03008 1.00128762258 0.0
37367.87884 1.00018683287 0.0
37426.7276 1.00011080006 0.0
37485.57636 1.00070339617 0.0
37544.42512 0.999388668155 0.0
37603.27388 0.995949652231 0.0
37662.12264 0.99517465963 0.0
37720.9714 0.996914194581 0.0
37779.82016 1.00007737129 0.0
37838.66892 1.00145601887 0.0
37897.51768 1.00140883313 0.0
37956.36644 1.00278409443 0.0
38015.2152 1.0018213671 0.0
38074.06396 0.998963341524 0.0
38132.91272 1.00021813353 0.0
38191.76148 1.0014992558 0.0
38250.61024 1.00088447772 0.0
38309.459 0.998110089284 0.0
38368.30776 0.997022492655 0.0
38427.15652 1.0004747764 0.0
38486.00528 1.00048456425 0.0
38544.85404 0.998557792808 0.0
38603.7028 0.999452016985 0.0
38662.55156 0.999596884399 0.0
38721.40032 0.997714121582 0.0
38780.24908 0.999280583094 0.0
38839.09784 1.00184742247 0.0
38897.9466 1.00072538731 0.0
38956.79536 0.999672033021 0.0
39015.64412 0.99844888923 0.0
39074.49288 0.997493914666 0.0
39133.34164 0.996185361381 0.0
39192.1904 0.996788311054 0.0
39251.03916 1.00025913862 0.0
39309.88792 1.00028412961 0.0
39368.73668 0.999840314182 0.0
39427.58544 0.999955003205 0.0
39486.4342 0.999091921754 0.0
39545.28296 1.00022487796 0.0
39604.13172 1.00258923547 0.0
39662.98048 1.00381561603 0.0
39721.82924 1.00229036875 0.0
39780.678 0.9996708562 0.0
39839.52676 1.0004078784 0.0
39898.37552 0.999225984177 0.0
39957.22428 0.999432809882 0.0
40016.07304 1.00246271264 0.0
40074.9218 1.00120324315 0.0
40133.77056 0.999051915316 0.0
40192.61932 0.998741734448 0.0
40251.46808 1.00044904652 0.0
40310.31684 1.00024031471 0.0
40369.1656 0.998811027412 0.0
40428.01436 0.998375631143 0.0
40486.86312 0.999179128843 0.0
40545.71188 1.00087233558 0.0
40604.56064 1.00157179804 0.0
40663.4094 0.998769666608 0.0
40722.25816 0.995655352757 0.0
40781.10692 0.996882360359 0.0
40839.95568 1.00011788296 0.0
40898.80444 1.00137119404 0.0
40957.6532 1.00204604557 0.0
41016.50196 1.00111023065 0.0
41075.35072 0.999237468161 0.0
41134.19948 0.998904151622 0.0
41193.04824 0.999212894948 0.0
41251.897 0.997946502116 0.0
41310.74576 0.998727772877 0.0
41369.59452 1.00217016583 0.0
41428.44328 1.00177119984 0.0
41487.29204 1.00057034788 0.0
41546.1408 1.00160309221 0.0
41604.98956 1.00260083544 0.0
41663.83832 1.00150892955 0.0
41722.68708 1.00008536204 0.0
41781.53584 1.00030523484 0.0
41840.3846 0.999046609023 0.0
41899.23336 0.997925560266 0.0
41958.08212 0.998681732775 0.0
42016.93088 0.999947060612 0.0
42075.77964 1.00097929449 0.0
42134.6284 1.00107540501 0.0
42193.47716 1.00056247345 0.0
42252.32592 1.00036426175 0.0
42311.17468 1.00230861988 0.0
42370.02344 1.0010347092 0.0
42428.8722 0.998368028748 0.0
42487.72096 0.998798481576 0.0
42546.56972 1.00023347415 0.0
42605.41848 1.00076245313 0.0
42664.26724 0.999060132853 0.0
42723.116 0.999275030588 0.0
42781.96476 1.00066419651 0.0
42840.81352 0.997898583785 0.0
42899.66228 0.996938834565 0.0
42958.51104 0.996886375864 0.0
43017.3598 0.995343606432 0.0
43076.20856 0.99707162524 0.0
43135.05732 0.999027603852 0.0
43193.90608 0.999506363977 0.0
43252.75484 0.998856323744 0.0
43311.6036 0.998896424081 0.0
43370.45236 0.999475647308 0.0
43429.30112 0.99961936535 0.0
43488.14988 1.00087075587 0.0
43546.99864 1.00183563116 0.0
43605.8474 1.00338143052 0.0
43664.69616 1.00435448016 0.0
43723.54492 1.00209300624 0.0
43782.39368 1.00060863791 0.0
43841.24244 1.00127163387 0.0
43900.0912 1.0011426863 0.0
43958.93996 0.998817502466 0.0
44017.78872 0.996739629944 0.0
44076.63748 0.99778342022 0.0
44135.48624 0.999167294699 0.0
44194.335 1.00061124277 0.0
44253.18376 1.00145591539 0.0
44312.03252 1.00072753603 0.0
44370.88128 1.00043517405 0.0
44429.73004 1.00122095556 0.0
44488.5788 1.00136072128 0.0
44547.42756 0.999004187174 0.0
44606.27632 0.99902051268 0.0
44665.12508 0.998977699325 0.0
44723.97384 0.998303583946 0.0
44782.8226 0.998901973739 0.0
44841.67136 0.998061130213 0.0
44900.52012 1.00035641832 0.0
44959.36888 1.00075822628 0.0
45018.21764 0.997691445828 0.0
45077.0664 0.998983686794 0.0
45135.91516 1.00187824741 0.0
45194.76392 0.999564809593 0.0
45253.61268 0.998086541467 0.0
45312.46144 0.999103150798 0.0
45371.3102 0.999804964491 0.0
45430.15896 1.00014511201 0.0
45489.00772 0.999718121446 0.0
45547.85648 0.998926505576 0.0
45606.70524 0.998829687269 0.0
45665.554 0.998730767477 0.0
45724.40276 0.998839761142 0.0
45783.25152 0.997804596437 0.0
45842.10028 0.998590252661 0.0
45900.94904 0.998522449842 0.0
45959.7978 0.997562529332 0.0
46018.64656 0.99981938579 0.0
46077.49532 0.998190173092 0.0
46136.34408 0.998602204827 0.0
46195.19284 1.00058791535 0.0
46254.0416 0.99867035188 0.0
46312.89036 0.998324937902 0.0
46371.73912 0.999572868131 0.0
46430.58788 0.998518494573 0.0
46489.43664 0.998957363787 0.0
46548.2854 0.998450246601 0.0
46607.13416 0.998257770075 0.0
46665.98292 1.00069759351 0.0
46724.83168 1.00177852562 0.0
46783.68044 0.999952477472 0.0
46842.5292 1.00114131087 0.0
46901.37796 1.00198866698 0.0
46960.22672 0.99816481793 0.0
47019.07548 0.997386481954 0.0
47077.92424 0.999312597644 0.0
47136.773 1.00182613394 0.0
47195.62176 1.00161951184 0.0
47254.47052 0.998854373977 0.0
47313.31928 0.996643569587 0.0
47372.16804 0.996100130925 0.0
47431.0168 0.999311209127 0.0
47489.86556 1.00110911154 0.0
47548.71432 1.00047524583 0.0
47607.56308 1.0017130186 0.0
47666.41184 1.00096779201 0.0
47725.2606 1.00063792153 0.0
47784.10936 1.00164241232 0.0
47842.95812 1.0019157179 0.0
47901.80688 1.00170631918 0.0
47960.65564 0.999897726828 0.0
48019.5044 0.999909580469 0.0
48078.35316 1.00101070452 0.0
48137.20192 1.00161926806 0.0
48196.05068 1.0014242497 0.0
48254.89944 0.99878992428 0.0
48313.7482 0.997929370734 0.0
48372.59696 0.999092319047 0.0
48431.44572 0.999143901546 0.0
48490.29448 0.998626373623 0.0
48549.14324 0.99943798929 0.0
48607.992 1.00284700089 0.0
48666.84076 1.00285372515 0.0
48725.68952 1.00043024256 0.0
48784.53828 0.999677383367 0.0
48843.38704 1.00109626244 0.0
48902.2358 1.00197757863 0.0
48961.08456 1.00130922436 0.0
49019.93332 1.00262415815 0.0
49078.78208 1.00367896395 0.0
49137.63084 1.00076875248 0.0
49196.4796 1.00024840236 0.0
49255.32836 0.999934125615 0.0
49314.17712 0.997284514092 0.0
49373.02588 0.999192563366 0.0
49431.87464 1.00091216151 0.0
49490.7234 1.00136651257 0.0
49549.57216 1.00274442769 0.0
49608.42092 1.00081840598 0.0
49667.26968 0.998295750101 0.0
49726.11844 0.999566482294 0.0
49784.9672 1.00104642401 0.0
49843.81596 1.00039374123 0.0
49902.66472 1.00160652792 0.0
49961.51348 1.00313708695 0.0
50020.36224 0.999993727224 0.0
50079.211 0.999533721002 0.0
50138.05976 0.999792202976 0.0
50196.90852 0.999770494034 0.0
50255.75728 1.00019004997 0.0
50314.60604 0.9978883892 0.0
50373.4548 0.997727950941 0.0
50432.30356 1.00107622851 0.0
50491.15232 1.00012434983 0.0
50550.00108 0.998760253301 0.0
50608.84984 0.999488080145 0.0
50667.6986 0.999118517364 0.0
50726.54736 0.999837756003 0.0
50785.39612 1.0002735027 0.0
50844.24488 1.00157452706 0.0
50903.09364 1.00037968144 0.0
50961.9424 0.999558401481 0.0
51020.79116 1.00004649088 0.0
51079.63992 1.00036716921 0.0
51138.48868 1.00168866022 0.0
51197.33744 1.00217966852 0.0
51256.1862 1.0000426902 0.0
51315.03496 0.998592398769 0.0
51373.88372 1.00042910232 0.0
51432.73248 0.999948986515 0.0
51491.58124 0.999506181428 0.0
51550.43 1.00180319121 0.0
51609.27876 1.00213841593 0.0
51668.12752 1.0002931128 0.0
51726.97628 0.999228701314 0.0
51785.82504 1.00135314384 0.0
51844.6738 1.00197505398 0.0
51903.52256 1.00138292842 0.0
51962.37132 1.00333409783 0.0
52021.22008 1.00161156884 0.0
52080.06884 0.999499823924 0.0
52138.9176 1.00079301208 0.0
52197.76636 1.00071499227 0.0
52256.61512 0.999192032533 0.0
52315.46388 0.999185252913 0.0
52374.31264 0.999043484612 0.0
52433.1614 0.999646599913 0.0
52492.01016 0.998524522543 0.0
52550.85892 0.997707289176 0.0
52609.70768 0.999461238331 0.0
52668.55644 0.999444884854 0.0
52727.4052 1.00127155058 0.0
52786.25396 1.00124893254 0.0
52845.10272 0.9984433711 0.0
52903.95148 0.998720849524 0.0
52962.80024 1.00103061765 0.0
53021.649 1.0010668454 0.0
53080.49776 1.00140258241 0.0
53139.34652 1.0005701093 0.0
53198.19528 0.999481974635 0.0
53257.04404 1.00033190067 0.0
53315.8928 1.00088473542 0.0
53374.74156 0.999930847521 0.0
53433.59032 0.998423227886 0.0
53492.43908 1.000386748 0.0
53551.28784 1.00233442343 0.0
53610.1366 1.0024053121 0.0
53668.98536 1.00112339121 0.0
53727.83412 1.00279724241 0.0
53786.68288 1.00281163753 0.0
53845.53164 1.00029268882 0.0
53904.3804 1.00151722411 0.0
53963.22916 1.00094792129 0.0
54022.07792 1.00040853103 0.0
54080.92668 1.00155788102 0.0
54139.77544 0.998938973354 0.0
54198.6242 0.997443947734 0.0
54257.47296 0.997677875947 0.0
54316.32172 0.998665942141 0.0
